name: face-recognition
channels:
  - conda-forge
  - defaults
dependencies:
  - blas=1.1=openblas
  - ca-certificates=2019.3.9=hecc5488_0
  - certifi=2019.3.9=py36_0
  - dlib=19.10=py36_blas_openblas_200
  - ffmpeg=4.0.1=h0987f0c_0
  - fontconfig=2.12.6=0
  - freetype=2.8.1=hfa320df_1
  - giflib=5.1.7=h516909a_1
  - gnutls=3.6.5=hd3a4fd2_1002
  - jasper=1.900.1=h07fcdf6_1006
  - jpeg=9c=h14c3975_1001
  - libgcc=7.2.0=h69d50b8_2
  - libgfortran=3.0.0=1
  - libiconv=1.15=h516909a_1005
  - libpng=1.6.34=ha92aebf_2
  - libprotobuf=3.5.2=hd28b015_1
  - libwebp=0.5.2=7
  - matplotlib=2.2.2=py36_1
  - mkl_fft=1.0.10=py36_0
  - mkl_random=1.0.2=py36_0
  - nettle=3.4.1=h1bed415_1002
  - numpy=1.15.2=py36_blas_openblashd3ea46f_1
  - openblas=0.2.20=8
  - opencv=3.4.1=py36_blas_openblashf72f6a5_200
  - openssl=1.0.2r=h14c3975_0
  - qt=5.6.2=7
  - sqlite=3.20.1=0
  - x264=1!152.20180806=h14c3975_0
  - bzip2=1.0.6=h14c3975_5
  - cairo=1.14.12=h7636065_2
  - cycler=0.10.0=py36_0
  - dbus=1.13.6=h746ee38_0
  - expat=2.2.6=he6710b0_0
  - freeglut=3.0.0=hf484d3e_5
  - glib=2.56.2=hd408876_0
  - graphite2=1.3.13=h23475e2_0
  - gst-plugins-base=1.14.0=hbbd80ab_1
  - gstreamer=1.14.0=hb453b48_1
  - harfbuzz=1.7.6=h5f0a787_1
  - hdf5=1.10.2=hba1933b_1
  - icu=58.2=h9c2bf20_1
  - intel-openmp=2019.3=199
  - kiwisolver=1.0.1=py36hf484d3e_0
  - libedit=3.1.20181209=hc058e9b_0
  - libffi=3.2.1=hd88cf55_4
  - libgcc-ng=8.2.0=hdf63c60_1
  - libgfortran-ng=7.3.0=hdf63c60_0
  - libglu=9.0.0=hf484d3e_1
  - libopenblas=0.2.20=h9ac9557_7
  - libopencv=3.4.1=h1a3b859_1
  - libopus=1.3=h7b6447c_0
  - libstdcxx-ng=8.2.0=hdf63c60_1
  - libtiff=4.0.10=h2733197_2
  - libuuid=1.0.3=h1bed415_2
  - libvpx=1.7.0=h439df22_0
  - libxcb=1.13=h1bed415_1
  - libxml2=2.9.9=he19cac6_0
  - mkl=2019.3=199
  - ncurses=6.1=he6710b0_1
  - numpy-base=1.14.3=py36h2b20989_0
  - pcre=8.43=he6710b0_0
  - pip=19.0.3=py36_0
  - pixman=0.38.0=h7b6447c_0
  - py-opencv=3.4.1=py36h0676e08_1
  - pyparsing=2.3.1=py36_0
  - pyqt=5.6.0=py36_2
  - python=3.6.4=hc3d631a_1
  - python-dateutil=2.8.0=py36_0
  - pytz=2018.9=py36_0
  - readline=7.0=h7b6447c_5
  - setuptools=40.8.0=py36_0
  - sip=4.19.8=py36hf484d3e_0
  - six=1.12.0=py36_0
  - tk=8.6.8=hbc83047_0
  - tornado=6.0.2=py36h7b6447c_0
  - wheel=0.33.1=py36_0
  - xz=5.2.4=h14c3975_4
  - zlib=1.2.11=h7b6447c_3
  - zstd=1.3.7=h0b5b093_0
prefix: /home/jaerock/anaconda3/envs/face-recognition

